[0, 0, 809201],
[0, 1, 18039],
[0, 2, 12774],
[0, 3, 28402],
[0, 4, 9368],
[0, 5, 12229],
[0, 6, 6024],
[0, 7, 3746],
[0, 8, 182995],
[0, 9, 17014],
[0, 10, 12121],
[0, 11, 16964],
[0, 12, 12449],
[0, 13, 11010],
[0, 14, 14546],
[0, 15, 15844],
[0, 16, 7272],
[1, 0, 11376],
[1, 1, 292439],
[1, 2, 4441],
[1, 3, 1793],
[1, 4, 992],
[1, 5, 1521],
[1, 6, 8416],
[1, 7, 455],
[1, 8, 9790],
[1, 9, 1496],
[1, 10, 1355],
[1, 11, 1896],
[1, 12, 1136],
[1, 13, 2600],
[1, 14, 7977],
[1, 15, 39222],
[1, 16, 1964],
[2, 0, 7274],
[2, 1, 4020],
[2, 2, 179894],
[2, 3, 1177],
[2, 4, 465],
[2, 5, 1278],
[2, 6, 2434],
[2, 7, 361],
[2, 8, 7093],
[2, 9, 1205],
[2, 10, 1354],
[2, 11, 1403],
[2, 12, 699],
[2, 13, 735],
[2, 14, 31740],
[2, 15, 6834],
[2, 16, 918],
[3, 0, 33653],
[3, 1, 2332],
[3, 2, 1716],
[3, 3, 238183],
[3, 4, 1679],
[3, 5, 2084],
[3, 6, 866],
[3, 7, 604],
[3, 8, 50263],
[3, 9, 3854],
[3, 10, 2889],
[3, 11, 5560],
[3, 12, 2752],
[3, 13, 2799],
[3, 14, 3064],
[3, 15, 2792],
[3, 16, 1433],
[4, 0, 6316],
[4, 1, 972],
[4, 2, 546],
[4, 3, 1217],
[4, 4, 124594],
[4, 5, 975],
[4, 6, 307],
[4, 7, 358],
[4, 8, 6043],
[4, 9, 585],
[4, 10, 713],
[4, 11, 1261],
[4, 12, 4849],
[4, 13, 27816],
[4, 14, 666],
[4, 15, 1171],
[4, 16, 769],
[5, 0, 9650],
[5, 1, 1859],
[5, 2, 1896],
[5, 3, 2014],
[5, 4, 1195],
[5, 5, 120238],
[5, 6, 716],
[5, 7, 5105],
[5, 8, 10599],
[5, 9, 1828],
[5, 10, 7419],
[5, 11, 12593],
[5, 12, 3726],
[5, 13, 1646],
[5, 14, 3275],
[5, 15, 2464],
[5, 16, 635],
[6, 0, 3600],
[6, 1, 7878],
[6, 2, 2460],
[6, 3, 713],
[6, 4, 223],
[6, 5, 527],
[6, 6, 84552],
[6, 7, 142],
[6, 8, 3329],
[6, 9, 598],
[6, 10, 593],
[6, 11, 836],
[6, 12, 468],
[6, 13, 695],
[6, 14, 5623],
[6, 15, 5587],
[6, 16, 413],
[7, 0, 4283],
[7, 1, 700],
[7, 2, 622],
[7, 3, 753],
[7, 4, 577],
[7, 5, 8373],
[7, 6, 244],
[7, 7, 25000],
[7, 8, 4416],
[7, 9, 595],
[7, 10, 3589],
[7, 11, 4391],
[7, 12, 1105],
[7, 13, 549],
[7, 14, 810],
[7, 15, 732],
[7, 16, 261],
[8, 0, 248409],
[8, 1, 14358],
[8, 2, 11760],
[8, 3, 50793],
[8, 4, 8586],
[8, 5, 12980],
[8, 6, 5731],
[8, 7, 3873],
[8, 8, 1164252],
[8, 9, 22899],
[8, 10, 18670],
[8, 11, 29687],
[8, 12, 14282],
[8, 13, 12694],
[8, 14, 18295],
[8, 15, 16059],
[8, 16, 6588],
[9, 0, 17293],
[9, 1, 1759],
[9, 2, 1514],
[9, 3, 4359],
[9, 4, 683],
[9, 5, 1628],
[9, 6, 814],
[9, 7, 444],
[9, 8, 23725],
[9, 9, 129948],
[9, 10, 3706],
[9, 11, 2327],
[9, 12, 1118],
[9, 13, 1185],
[9, 14, 3045],
[9, 15, 2148],
[9, 16, 664],
[10, 0, 11239],
[10, 1, 1746],
[10, 2, 1916],
[10, 3, 3339],
[10, 4, 906],
[10, 5, 7120],
[10, 6, 940],
[10, 7, 2973],
[10, 8, 18285],
[10, 9, 3649],
[10, 10, 131580],
[10, 11, 5514],
[10, 12, 1996],
[10, 13, 1273],
[10, 14, 3786],
[10, 15, 2191],
[10, 16, 718],
[11, 0, 16848],
[11, 1, 2627],
[11, 2, 2145],
[11, 3, 6699],
[11, 4, 1624],
[11, 5, 12509],
[11, 6, 1357],
[11, 7, 3843],
[11, 8, 29391],
[11, 9, 2606],
[11, 10, 5607],
[11, 11, 162239],
[11, 12, 5109],
[11, 13, 2932],
[11, 14, 3550],
[11, 15, 3379],
[11, 16, 894],
[12, 0, 10200],
[12, 1, 1238],
[12, 2, 784],
[12, 3, 2575],
[12, 4, 4429],
[12, 5, 3154],
[12, 6, 483],
[12, 7, 725],
[12, 8, 11938],
[12, 9, 1016],
[12, 10, 1586],
[12, 11, 4568],
[12, 12, 154519],
[12, 13, 4502],
[12, 14, 1200],
[12, 15, 1833],
[12, 16, 846],
[13, 0, 9596],
[13, 1, 2678],
[13, 2, 851],
[13, 3, 2574],
[13, 4, 25773],
[13, 5, 1352],
[13, 6, 773],
[13, 7, 396],
[13, 8, 10926],
[13, 9, 987],
[13, 10, 1052],
[13, 11, 2217],
[13, 12, 4278],
[13, 13, 147530],
[13, 14, 1364],
[13, 15, 3669],
[13, 16, 1047],
[14, 0, 11027],
[14, 1, 8554],
[14, 2, 37182],
[14, 3, 2966],
[14, 4, 727],
[14, 5, 2453],
[14, 6, 7695],
[14, 7, 545],
[14, 8, 14109],
[14, 9, 2738],
[14, 10, 3310],
[14, 11, 2818],
[14, 12, 1233],
[14, 13, 1509],
[14, 14, 196062],
[14, 15, 8298],
[14, 16, 1054],
[15, 0, 10100],
[15, 1, 40113],
[15, 2, 6729],
[15, 3, 2278],
[15, 4, 994],
[15, 5, 1715],
[15, 6, 6002],
[15, 7, 449],
[15, 8, 10914],
[15, 9, 1682],
[15, 10, 1508],
[15, 11, 2419],
[15, 12, 1517],
[15, 13, 3113],
[15, 14, 7046],
[15, 15, 255443],
[15, 16, 1497],
[16, 0, 7426],
[16, 1, 2190],
[16, 2, 1098],
[16, 3, 1736],
[16, 4, 810],
[16, 5, 670],
[16, 6, 492],
[16, 7, 200],
[16, 8, 7370],
[16, 9, 636],
[16, 10, 675],
[16, 11, 858],
[16, 12, 776],
[16, 13, 944],
[16, 14, 1038],
[16, 15, 1643],
[16, 16, 57970],
