[11,11,809201],
[11,26,18039],
[11,27,12774],
[11,28,28402],
[11,29,9368],
[11,30,12229],
[11,31,6024],
[11,41,182995],
[11,42,17014],
[11,43,12121],
[11,44,16964],
[11,45,12449],
[11,46,11010],
[11,47,14546],
[11,48,15844],
[11,50,7272],
[26,11,11376],
[26,26,292439],
[26,27,4441],
[26,28,1793],
[26,29,992],
[26,30,1521],
[26,31,8416],
[26,41,9790],
[26,42,1496],
[26,43,1355],
[26,44,1896],
[26,45,1136],
[26,46,2600],
[26,47,7977],
[26,48,39222],
[26,50,1964],
[27,11,7274],
[27,26,4020],
[27,27,179894],
[27,28,1177],
[27,29,465],
[27,30,1278],
[27,31,2434],
[27,41,7093],
[27,42,1205],
[27,43,1354],
[27,44,1403],
[27,45,699],
[27,46,735],
[27,47,31740],
[27,48,6834],
[27,50,918],
[28,11,33653],
[28,26,2332],
[28,27,1716],
[28,28,238183],
[28,29,1679],
[28,30,2084],
[28,31,866],
[28,41,50263],
[28,42,3854],
[28,43,2889],
[28,44,5560],
[28,45,2752],
[28,46,2799],
[28,47,3064],
[28,48,2792],
[28,50,1433],
[29,11,6316],
[29,26,972],
[29,27,546],
[29,28,1217],
[29,29,124594],
[29,30,975],
[29,31,307],
[29,41,6043],
[29,42,585],
[29,43,713],
[29,44,1261],
[29,45,4849],
[29,46,27816],
[29,47,666],
[29,48,1171],
[29,50,769],
[30,11,9650],
[30,26,1859],
[30,27,1896],
[30,28,2014],
[30,29,1195],
[30,30,120238],
[30,31,716],
[30,41,10599],
[30,42,1828],
[30,43,7419],
[30,44,12593],
[30,45,3726],
[30,46,1646],
[30,47,3275],
[30,48,2464],
[30,50,635],
[31,11,3600],
[31,26,7878],
[31,27,2460],
[31,28,713],
[31,29,223],
[31,30,527],
[31,31,84552],
[31,41,3329],
[31,42,598],
[31,43,593],
[31,44,836],
[31,45,468],
[31,46,695],
[31,47,5623],
[31,48,5587],
[31,50,413],
[41,11,248409],
[41,26,14358],
[41,27,11760],
[41,28,50793],
[41,29,8586],
[41,30,12980],
[41,31,5731],
[41,41,1164252],
[41,42,22899],
[41,43,18670],
[41,44,29687],
[41,45,14282],
[41,46,12694],
[41,47,18295],
[41,48,16059],
[41,50,6588],
[42,11,17293],
[42,26,1759],
[42,27,1514],
[42,28,4359],
[42,29,683],
[42,30,1628],
[42,31,814],
[42,41,23725],
[42,42,129948],
[42,43,3706],
[42,44,2327],
[42,45,1118],
[42,46,1185],
[42,47,3045],
[42,48,2148],
[42,50,664],
[43,11,11239],
[43,26,1746],
[43,27,1916],
[43,28,3339],
[43,29,906],
[43,30,7120],
[43,31,940],
[43,41,18285],
[43,42,3649],
[43,43,131580],
[43,44,5514],
[43,45,1996],
[43,46,1273],
[43,47,3786],
[43,48,2191],
[43,50,718],
[44,11,16848],
[44,26,2627],
[44,27,2145],
[44,28,6699],
[44,29,1624],
[44,30,12509],
[44,31,1357],
[44,41,29391],
[44,42,2606],
[44,43,5607],
[44,44,162239],
[44,45,5109],
[44,46,2932],
[44,47,3550],
[44,48,3379],
[44,50,894],
[45,11,10200],
[45,26,1238],
[45,27,784],
[45,28,2575],
[45,29,4429],
[45,30,3154],
[45,31,483],
[45,41,11938],
[45,42,1016],
[45,43,1586],
[45,44,4568],
[45,45,154519],
[45,46,4502],
[45,47,1200],
[45,48,1833],
[45,50,846],
[46,11,9596],
[46,26,2678],
[46,27,851],
[46,28,2574],
[46,29,25773],
[46,30,1352],
[46,31,773],
[46,41,10926],
[46,42,987],
[46,43,1052],
[46,44,2217],
[46,45,4278],
[46,46,147530],
[46,47,1364],
[46,48,3669],
[46,50,1047],
[47,11,11027],
[47,26,8554],
[47,27,37182],
[47,28,2966],
[47,29,727],
[47,30,2453],
[47,31,7695],
[47,41,14109],
[47,42,2738],
[47,43,3310],
[47,44,2818],
[47,45,1233],
[47,46,1509],
[47,47,196062],
[47,48,8298],
[47,50,1054],
[48,11,10100],
[48,26,40113],
[48,27,6729],
[48,28,2278],
[48,29,994],
[48,30,1715],
[48,31,6002],
[48,41,10914],
[48,42,1682],
[48,43,1508],
[48,44,2419],
[48,45,1517],
[48,46,3113],
[48,47,7046],
[48,48,255443],
[48,50,1497],
[50,11,7426],
[50,26,2190],
[50,27,1098],
[50,28,1736],
[50,29,810],
[50,30,670],
[50,31,492],
[50,41,7370],
[50,42,636],
[50,43,675],
[50,44,858],
[50,45,776],
[50,46,944],
[50,47,1038],
[50,48,1643],
[50,50,57970],
